0 0
0 99
0 111
0 381
0 415
0 514
0 585
0 690
0 691
0 783
0 784
0 954
1 153
1 732
1 1937
2177 2903
1011 1034
1011 2028
1011 2029
2179 2200
2 962
1012 2181
1012 2031
1013 1417
1013 1427
1013 1545
1013 2024
1014 1059
1014 1365
1014 1378
1015 1236
1015 1439
1015 1440
1015 2093
2183 2677
2183 845
2183 3156
1016 2138
3 634
2184 2306
2184 2356
2185 2539
1017 1264
1017 1549
1017 591
1018 1524
4 588
2186 3139
1019 609
1019 2064
2187 2666
5 36
5 63
5 97
5 603
5 949
1021 1176
6 64
6 682
1022 1907
1023 1875
2188 3300
1024 1527
2189 2303
2189 2634
2190 3145
8 868
8 1986
1029 1100
1029 1109
1029 1248
2192 2488
1030 1244
1031 1487
1031 1488
1031 1645
1031 1872
1032 2117
9 158
9 202
9 260
9 559
9 820
9 970
11 387
11 945
1033 1759
1033 2014
1033 2015
1034 1665
1034 1666
1035 1491
1036 1485
1037 1042
1037 1309
1037 1679
2195 2195
2195 2209
2196 55
2196 3279
2197 2504
2198 2198
2199 3025
1038 1107
1038 1174
1038 1404
1038 1536
1038 1636
1038 1682
1038 1769
1039 1212
1040 1076
1040 1078
1040 1309
1040 1679
1041 2036
2201 2201
2202 2460
2202 779
2202 828
2202 3162
1042 1037
1042 1679
2203 2911
1043 1138
1043 1828
1043 1893
1043 2139
1043 2165
2205 2899
2205 2900
1044 1274
1045 1453
1045 1704
1045 1705
1045 1944
1045 1954
1045 1955
1045 1980
1045 2002
1046 1286
1046 1302
1046 1521
1046 1532
1046 1891
1046 1902
1046 2024
1047 1127
1047 1442
1047 1613
1047 1636
1047 1679
1047 1776
2206 2675
2206 3099
1048 1028
2207 2632
2207 2855
1049 1049
1050 1168
1050 1254
12 508
12 1741
12 777
1051 1253
1051 2121
2210 2275
2210 1707
1054 1491
1055 1961
1055 1962
1055 1963
13 250
14 868
2211 2326
1056 1056
1056 1161
2212 2423
2212 2474
2212 3132
1057 1254
16 145
2213 2244
2213 3258
1058 1236
1058 2024
2214 2845
2214 976
1059 1014
1059 1365
1059 1378
18 59
20 6
2217 3037
1060 1123
2218 3194
21 1678
21 680
22 118
22 303
22 335
22 455
22 469
22 599
22 668
22 899
2219 2391
2220 2220
2221 2513
2221 2665
2221 3115
23 309
23 704
24 127
24 392
24 406
24 685
24 947
24 952
1061 1943
1063 1229
1063 1707
2222 2567
1064 1811
25 69
25 357
25 655
25 683
25 888
2224 2779
2224 2780
27 393
1065 1093
2225 2398
2226 2341
1066 1171
1066 1961
1066 1962
1066 1963
2228 3299
1067 1236
1067 1251
2229 2597
2231 2231
1068 1209
1068 235
1068 1515
1068 592
1068 1718
1068 2115
2232 2540
2232 3033
2232 3203
2233 2698
2233 3158
2235 2235
2235 2992
1070 1236
1071 1744
28 48
28 54
28 105
28 106
28 153
28 633
28 987
2236 2193
30 1203
30 1239
30 1282
30 1650
30 1788
30 1991
30 2064
30 2149
1073 1075
29 740
29 793
29 818
29 859
31 2202
31 1282
31 1357
31 297
31 1489
31 2665
31 2774
31 2812
31 1740
31 646
31 732
31 3028
31 779
31 882
31 2082
1075 1169
1076 1078
1077 1527
1078 1190
1078 1600
32 592
32 665
32 686
32 687
32 697
32 845
1079 1227
1079 1245
1079 1651
1079 1742
1079 1823
1079 1931
2241 2691
1080 1189
1080 1195
1080 1583
1081 1141
1081 1950
2242 2665
33 260
2243 2324
2243 3074
1083 1083
1083 1196
1083 1390
1083 1439
1083 1440
1083 1912
1083 1939
1083 2093
34 180
34 366
34 1587
34 573
34 697
34 828
34 829
2245 2310
2245 2390
2245 2483
1084 2158
1086 1480
1088 1236
35 92
35 500
1090 1107
1090 1174
1090 1404
1090 1608
2246 2246
2246 3034
1092 2009
37 1267
37 182
37 2464
37 310
37 444
37 1724
37 828
1093 2026
2248 2746
1094 1317
1094 1676
39 1010
40 146
40 148
40 177
40 411
40 480
40 621
40 625
1096 1490
1098 133
41 418
41 2773
2249 2249
1100 1579
1100 1723
2250 2904
1101 1118
1101 1441
1101 1609
1101 1840
1101 1864
1101 2132
1101 2133
1101 2170
1101 2171
1102 1673
1102 1958
2252 3310
44 632
44 868
1103 2103
45 733
45 751
2256 2256
2256 2871
2257 3021
2258 2476
2258 2737
1106 1132
1106 1339
2259 2427
2259 2442
2259 2744
1107 1200
1107 1404
1107 1425
1108 1317
1108 1676
2261 2306
2261 2356
2262 2412
2263 2951
2263 1813
2263 2959
2264 2223
2265 2204
47 213
47 778
48 106
1113 1395
1114 1187
1114 2058
1114 2059
1114 2104
51 355
51 356
51 438
51 470
51 481
51 516
51 597
2273 2273
1116 1893
1116 2139
53 161
53 309
2274 3127
2274 2044
1119 1119
1119 2036
1120 1210
1120 1256
1120 1604
1120 1606
1120 1818
55 3279
55 971
56 1824
56 3291
57 1127
57 1253
57 157
57 1536
57 1608
57 1636
57 1682
57 1769
57 1981
58 180
58 302
58 697
2276 626
60 443
60 586
1121 1674
1121 2113
2277 3029
2278 1198
2278 1469
2278 686
2278 3040
61 944
62 802
2281 2198
1125 1250
1125 1286
1125 1302
1125 1891
1128 1588
1129 1937
1129 1969
1131 1885
2282 1518
63 949
64 91
64 210
64 239
64 569
65 152
67 54
67 105
67 176
1134 1422
1135 1747
1136 1494
1137 1964
2285 2285
2285 2616
69 355
69 356
69 516
1138 1801
1138 2168
70 750
2288 2311
71 190
71 939
77 813
1141 1248
1143 1980
1143 2103
2296 2763
1145 1139
78 534
78 732
2298 3023
2299 2253
2299 2259
2302 2284
2302 2506
1147 1874
1147 1952
79 1019
79 37
79 103
79 2460
79 278
79 2677
79 460
79 1724
79 828
79 3162
2305 2905
2306 2306
2306 2356
1148 1403
1148 1551
1148 1687
1148 710
1150 1236
1150 1262
1150 1294
1150 421
1150 1506
1150 1508
1150 1659
1150 2118
1151 1301
1151 1960
2312 3148
2312 3149
84 743
1152 2949
85 366
85 619
85 697
1153 1329
1153 1342
1153 1629
1154 1117
1154 1135
1155 1213
86 26
86 262
86 272
86 460
86 461
86 585
86 626
86 769
86 797
86 1006
2314 3282
2316 2406
1158 1214
1158 1461
1158 1571
87 87
87 597
2317 2457
88 152
88 154
88 1281
88 779
88 1998
88 1999
88 2073
1159 1257
1159 1287
1160 1160
1160 1369
1160 2083
89 546
89 548
2319 2561
2320 2401
2320 2638
2322 2605
2322 3203
2324 2324
2324 3074
1165 1788
1165 2066
2325 2594
2327 3221
1168 1511
1168 1544
1168 873
1168 2096
1168 2106
2328 3153
2329 2329
2332 1173
1174 1200
1174 1404
1174 1425
2333 2500
1175 278
1175 1360
1175 1385
1175 2173
1175 2174
1176 1897
2335 3200
2335 3247
96 913
96 997
97 5
97 36
97 63
97 949
1178 1178
1178 1871
1180 1196
99 723
99 931
99 952
100 680
1183 1836
1183 1837
2338 3059
2339 2596
2339 974
102 267
2340 2400
2340 725
104 129
104 131
104 134
104 140
1185 1945
1186 1648
105 176
105 180
2344 2456
2344 2624
2345 2230
108 1494
108 383
108 2125
2347 2860
1193 1548
1193 2112
110 584
2348 2548
1197 1587
113 382
2350 2793
2350 2907
2351 3013
1202 1183
1202 1841
115 569
115 671
2352 2479
1203 1432
1203 1964
1203 2151
2353 2565
1204 1208
1206 1210
1206 1256
1206 1604
1206 1606
1206 1818
2357 2354
1209 1748
117 117
119 810
2360 2839
2361 130
2361 2556
2361 3255
2362 614
120 634
2364 2418
2365 3285
121 866
1219 1236
2368 2368
123 310
123 547
123 668
123 669
1220 1075
1220 1169
1220 1199
1220 1387
2369 3070
1222 1540
1222 1807
1222 2044
1223 1711
1223 1712
1223 1713
1223 1964
1223 2099
124 881
2371 377
2372 2372
2374 2420
2375 2269
2375 3213
2375 3214
2375 3216
2376 2965
126 617
1226 235
1226 1322
1226 592
1226 1821
1227 2792
130 182
130 1498
2378 2682
2378 2683
1230 1191
1230 1514
1230 1811
1230 2097
1236 774
1236 2024
141 1002
2388 2388
1241 1514
1242 1236
1242 2118
144 141
144 146
144 453
144 1002
1243 1505
2394 2397
2395 3181
146 907
1247 1330
149 149
149 326
150 149
150 326
152 573
2404 2960
1253 1253
1255 1255
1254 1721
1254 754
1254 2043
1256 1818
2406 2406
158 970
160 854
1261 1750
1264 1284
164 952
1268 2120
167 639
170 306
170 494
1273 1339
1273 1454
1273 1668
1273 1714
2416 2629
172 56
172 1168
172 1934
173 108
173 384
173 514
2420 2437
1277 2043
2422 2371
1278 2020
1279 779
1279 1976
175 479
2426 2756
178 228
178 232
178 236
179 1075
179 1282
179 267
179 297
179 438
179 1650
179 573
179 646
179 779
179 1921
179 1991
2430 2430
183 2207
183 185
183 452
183 605
183 3117
184 54
184 106
184 1249
184 422
184 539
184 586
184 1761
184 694
184 697
184 714
184 3252
184 999
184 1000
2434 2767
2436 2436
2438 2465
2440 2425
192 607
1291 1344
1292 1854
1292 1953
1293 1930
201 1494
201 383
201 2125
202 255
203 239
1297 1013
1297 1089
1297 1725
204 204
204 650
204 945
2448 2563
207 499
209 347
2455 2850
2455 2851
2455 861
1307 2036
1307 2037
217 724
218 65
218 1247
218 2401
218 1489
218 2638
218 1724
218 725
218 732
218 2104
218 3303
1310 1610
1310 2116
1312 1019
1312 1493
1314 1583
2462 2908
230 146
230 148
230 177
230 411
230 480
230 621
230 625
2467 2470
243 126
243 617
245 722
245 1009
1338 1332
1343 1412
1343 404
1343 1881
262 541
262 673
262 797
2486 2583
1347 1089
263 26
263 122
263 311
263 344
263 424
263 425
263 426
263 566
263 685
263 768
263 769
263 796
263 840
264 723
264 815
2487 3185
265 69
265 107
265 194
265 501
265 502
265 567
265 655
265 888
266 65
266 88
266 152
266 297
266 685
266 732
266 3191
266 905
266 2081
1348 1353
1348 1965
1349 1290
1349 2031
1349 2124
1351 1893
2489 2391
2490 2578
268 561
268 668
269 80
1352 1207
1352 1449
1352 1539
270 868
2491 2223
271 690
272 103
272 262
272 285
272 310
272 516
272 827
272 887
1353 1965
273 432
273 433
1354 1019
1354 2856
274 36
274 63
274 83
274 203
274 735
275 28
275 54
275 105
275 106
275 1249
275 153
275 469
275 619
275 697
275 956
275 987
275 1000
276 69
276 107
276 463
276 555
276 580
276 581
276 655
276 827
276 888
276 901
276 902
278 1267
278 182
278 2464
278 310
278 444
278 1724
278 828
279 2292
279 210
279 358
279 2969
279 3005
279 3006
280 324
280 350
280 917
1356 2061
1357 2774
1357 1976
1359 1583
2493 2854
2494 1198
2494 1469
2494 686
2494 3040
2496 2496
281 144
281 418
281 584
281 861
282 631
1363 1759
1363 1946
1366 1727
1366 2043
283 263
283 311
284 1513
284 732
285 94
285 159
285 2482
285 356
285 445
285 697
285 896
1368 1355
1368 1414
1368 1415
1368 1476
2499 2191
1371 1078
1371 2140
1372 1904
2500 2500
1373 1083
1373 1152
1373 1373
1374 1061
1374 1062
1374 1177
1374 1410
1374 1726
1374 1979
1374 2035
1374 2149
286 545
2501 2861
2501 3180
1376 1802
1376 762
2502 2377
287 170
287 675
287 692
288 917
1379 1074
1379 1462
1379 1504
1379 1605
1380 1014
1380 1059
1380 1378
1380 1591
1381 1162
1381 1268
1381 2079
289 732
290 157
290 163
290 252
290 260
290 784
291 67
291 106
291 152
291 153
291 154
291 159
291 167
291 216
291 317
291 336
291 356
291 445
291 462
291 470
291 482
291 501
291 516
291 590
291 1714
291 640
291 673
291 683
291 694
291 708
291 746
291 3130
291 926
291 927
292 233
1382 1344
1382 1889
293 169
293 213
293 396
293 397
293 651
293 778
294 588
1383 1115
1383 1272
1383 1649
1383 1650
1383 1956
2507 3074
295 228
295 232
295 236
295 475
295 535
295 602
295 634
295 732
295 771
295 882
1385 1385
296 25
296 69
296 655
296 1007
1386 1358
1386 1384
1386 341
1386 1566
1386 1757
1386 1758
2508 2215
1387 1073
1387 1169
2509 2638
2509 2649
2509 3301
1388 1982
1388 1983
297 122
297 127
297 1232
297 504
297 541
297 3015
297 797
297 802
1389 1146
298 764
298 1010
1390 1148
1390 1672
1390 1688
1391 1582
1392 1090
1392 1608
2511 3206
2512 2182
299 468
2514 2599
1395 1313
1396 1236
1397 3008
1397 2093
300 418
2515 3133
2517 2367
2518 2846
301 2245
301 68
1401 1109
1401 1401
2519 2254
2520 3024
302 251
302 438
302 746
302 804
302 911
303 180
303 841
2521 2557
304 304
304 634
1405 1445
1406 1080
1406 1314
1406 1316
1406 1359
1406 1364
1406 1367
1406 1370
1406 1380
1406 1584
1406 1658
1406 1715
1406 1731
1406 1732
1406 1733
1406 1736
1406 1737
1406 1822
1406 1923
1406 1941
1406 2070
1406 2135
1407 1179
1408 1715
305 228
305 232
305 236
1409 1745
2522 3223
2523 2431
308 868
308 1986
1411 1225
1411 1679
309 161
1413 1216
1413 1240
2525 2446
1414 1025
1414 1355
1414 1368
1414 1415
1414 1476
2528 2342
311 2529
311 2530
2530 2529
1416 1144
1416 1231
1416 1234
1416 1249
1416 1284
1416 1431
1416 2157
312 315
313 315
314 315
2531 2533
316 622
2534 2473
2534 2609
2535 2534
318 51
318 481
318 597
2536 2280
2537 2537
1418 1306
319 135
1419 1921
1420 2260
1420 432
1420 2699
1420 1770
1420 3107
1421 1216
1421 1765
1421 1933
2538 2309
1423 1285
1423 1542
1423 1845
1423 1980
320 1009
2540 2469
2540 3033
2541 2542
2541 2944
1424 1628
1426 2119
323 109
323 133
323 512
323 513
323 514
2545 3274
1428 1429
2546 2191
2547 2893
325 149
325 326
326 324
326 350
326 591
326 1701
326 917
328 617
329 36
329 63
329 97
329 114
329 661
329 821
329 948
1431 2193
330 137
331 66
2550 3004
2550 3005
332 2342
332 597
333 722
1435 1436
1435 2008
1436 1434
2551 2551
2552 2456
2552 2478
1437 1388
1437 1982
1438 1329
1438 1342
1439 1440
337 287
337 675
2553 2402
2553 2405
338 69
338 107
338 463
338 555
338 580
338 581
338 655
338 827
338 888
338 901
338 902
2554 2255
339 2799
339 1858
339 813
339 3158
2556 3255
1443 1534
1443 1535
2558 2224
2558 2780
2558 3022
341 868
1444 1439
1444 1440
1445 2024
2559 246
2559 3120
2560 2581
1446 1361
1446 1377
1446 1447
1446 1448
1448 1602
2562 2563
1450 2119
2564 2359
1451 1287
2566 2567
2568 2757
342 771
2569 2729
343 1804
343 869
2571 2570
344 2570
2572 3192
1454 1273
2573 2965
1455 2072
2574 3217
2575 3163
1456 1228
1456 1232
1456 1235
1456 1588
1457 1232
1457 1550
1458 1850
1459 1104
1460 1061
1460 1124
1460 1140
1460 1218
1460 1374
1460 1464
1460 1761
1460 1781
1460 1979
1461 1243
1461 1648
1461 628
1461 2005
348 170
348 630
348 982
2579 2407
2579 351
2580 2579
2580 2770
1463 1590
1464 1184
1464 1761
349 1177
349 574
349 575
349 619
350 515
1465 1298
2582 2662
1466 2045
352 2583
352 353
352 354
353 164
353 421
354 2259
354 2407
354 2579
354 2580
354 351
354 353
354 2585
354 2586
354 2770
354 1958
355 356
2584 2586
2584 2672
2585 2584
2586 2584
2586 2585
2586 2586
359 358
1467 1467
2587 2587
1468 1467
2589 2589
360 361
362 971
1469 686
363 363
364 51
364 103
364 167
364 234
364 244
364 251
364 253
364 259
364 302
364 355
364 365
364 382
364 462
364 470
364 481
364 482
364 483
364 516
364 517
364 523
364 525
364 550
364 673
364 697
364 701
364 706
364 745
364 746
364 777
364 804
364 910
364 911
364 918
365 2446
2590 2178
2590 2476
2591 2697
2591 2698
2591 821
1470 1453
1470 1704
1470 1705
1470 1944
1470 1954
1470 1955
1470 1980
1470 2002
2592 3296
369 651
2593 2199
2593 62
2593 1312
2593 3166
2593 3187
2594 2325
2594 2595
2595 2325
2595 2594
370 135
370 1337
371 895
1472 1585
1473 1304
1473 1472
1473 1569
1473 1570
1474 1921
1474 2065
1475 1679
1475 2036
372 69
372 107
372 194
372 501
372 502
372 655
372 888
372 1007
2598 2548
373 94
373 2463
373 251
373 262
373 374
373 444
373 445
373 3014
373 3015
374 94
374 444
374 445
1477 1909
375 515
375 630
2599 3093
378 2339
378 2596
378 1633
378 947
2600 3109
1478 1439
1478 1440
2601 2642
1479 1086
1479 1480
1479 1661
1479 2012
1481 1144
1481 2139
2603 2271
2603 2602
2603 2809
1482 1482
2604 2766
1483 1310
1483 2116
1484 1346
2606 2607
2607 2606
2607 2608
1488 1872
2611 2612
1492 56
1492 1157
1492 1492
381 119
381 605
381 606
381 684
381 713
2613 2605
1493 1738
2614 2617
2614 2619
2615 2285
2615 2615
2615 2616
2616 2614
2616 2617
2616 2618
2618 2617
2619 2618
1494 2125
383 108
383 384
383 514
384 514
2621 2620
385 202
385 386
386 202
386 240
387 202
387 434
387 649
387 650
2622 2859
388 249
388 579
388 676
389 196
389 334
389 467
389 579
389 584
389 636
389 936
389 973
390 7
390 10
390 15
390 22
390 28
390 51
390 54
390 58
390 82
390 85
390 94
390 98
390 103
390 106
390 147
390 151
390 153
390 154
390 155
390 156
390 167
390 176
390 180
390 182
390 200
390 212
390 219
390 221
390 231
390 233
390 234
390 244
390 248
390 253
390 254
390 259
390 303
390 317
390 318
390 336
390 355
390 356
390 363
390 382
390 391
390 414
390 444
390 445
390 450
390 455
390 456
390 462
390 470
390 481
390 482
390 483
390 504
390 507
390 516
390 517
390 523
390 525
390 550
390 557
390 573
390 576
390 597
390 608
390 619
390 658
390 668
390 669
390 673
390 680
390 694
390 697
390 698
390 700
390 701
390 702
390 706
390 708
390 711
390 727
390 744
390 746
390 772
390 773
390 799
390 802
390 804
390 812
390 880
390 896
390 899
390 906
390 910
390 929
390 1000
391 189
391 382
392 592
392 914
2623 2792
395 397
396 213
396 293
396 397
396 723
396 778
397 213
397 778
2624 2456
1496 1020
1496 1746
398 820
2625 2626
1497 1497
1498 130
2627 3018
2628 2380
400 402
400 405
401 400
401 402
401 405
403 405
404 401
404 403
404 405
405 2134
406 789
407 812
1500 1070
1500 1088
1500 1089
1500 1163
1500 1236
1500 1347
1500 1417
1500 1499
1500 2024
408 516
409 191
1501 1502
410 116
410 174
410 241
410 316
410 411
410 570
410 622
410 975
2630 2321
1503 1285
2631 2481
413 2466
413 2868
414 58
416 137
416 142
416 144
416 146
416 198
416 351
416 418
416 453
416 499
416 879
416 1003
417 453
417 810
418 141
418 146
418 453
418 1002
419 281
419 360
420 233
2633 2577
1504 1932
421 1262
1506 1294
422 28
422 48
422 54
422 105
422 106
422 153
422 194
422 469
422 586
422 633
422 714
422 1899
422 987
1507 1150
423 952
1509 149
1509 150
1509 1262
1509 324
1509 325
1509 326
1509 327
1509 1639
424 426
425 426
1510 1700
2636 2635
1511 2134
428 673
429 1172
429 284
429 1408
429 305
429 1409
429 1512
429 601
429 1710
429 1721
429 732
1512 305
1512 1409
1512 1824
430 732
1515 1748
1516 1329
1516 2470
1516 1342
431 868
1517 1162
1517 1268
1517 1331
1517 1335
1517 2079
2640 2639
2641 185
2641 3117
2642 2601
2643 2645
2644 2645
1518 1519
1519 1216
1519 1303
432 433
432 915
433 915
1520 1233
2646 2282
434 387
434 506
2648 2648
1521 3255
1522 1319
1522 1323
437 438
437 516
437 711
438 251
439 51
439 58
439 94
439 167
439 212
439 244
439 253
439 259
439 302
439 332
439 355
439 364
439 365
439 382
439 414
439 438
439 444
439 445
439 481
439 482
439 483
439 516
439 517
439 525
439 597
439 668
439 669
439 680
439 697
439 702
439 747
439 755
439 804
439 871
439 918
440 10
441 1236
441 2447
441 1478
441 1531
441 2665
441 2765
441 1723
441 645
441 1801
441 774
441 880
441 2168
1523 1167
1523 1826
1524 1168
1524 1254
1524 1581
1524 1934
1524 2041
1525 1661
1526 1761
442 106
443 443
443 586
2650 2660
2651 2574
2651 692
2651 2994
2651 914
2652 2271
444 94
1528 1255
1528 1478
1528 2738
1528 2765
1528 1723
1528 1814
1528 2970
445 94
445 194
445 444
2654 1529
2654 2166
447 93
447 213
447 256
447 296
447 535
447 744
447 778
447 800
447 921
447 967
2655 2690
448 810
2656 2194
1530 1185
1530 2008
2657 1286
2657 2447
2657 1302
2657 2658
2658 2447
2658 2657
2658 2658
2658 1531
2658 1532
1532 1286
1532 1302
1532 1532
1533 1687
1533 710
450 449
450 451
450 560
450 710
450 896
2661 2661
2663 2664
2664 2044
1537 1394
452 605
1538 1248
1539 1207
454 817
2668 2669
2668 2670
2669 2463
2669 686
2669 3191
1540 1266
1541 1182
1541 1540
2671 2439
1542 1215
1542 1422
1542 1980
1543 2293
1543 2460
1543 1326
1543 828
2674 2674
456 147
1545 80
1545 1427
1546 1547
1546 1763
457 458
459 573
459 697
460 2361
460 154
460 263
460 685
460 3156
460 3159
460 1006
461 25
461 69
461 888
462 167
462 828
1549 1549
1549 1624
1549 978
1550 1235
2678 2382
2678 2396
2679 2679
465 466
2680 2680
2682 2682
2682 2683
2684 2378
2684 2682
2684 2683
469 586
469 633
469 697
471 2221
471 30
471 31
471 1075
471 1169
471 1199
471 122
471 127
471 1232
471 179
471 262
471 272
471 276
471 1357
471 285
471 1383
471 338
471 504
471 510
471 541
471 556
471 566
471 2812
471 697
471 732
471 3015
471 780
471 797
471 802
472 142
472 145
2686 2385
2686 1714
2686 686
2686 687
2688 2409
2688 2687
2688 2689
2689 2687
1553 1554
1554 1553
1555 1555
1556 1555
1556 1647
474 90
1557 1558
476 475
477 346
477 369
477 753
477 951
478 868
2693 2373
2694 2505
1560 1339
1560 341
1560 1668
1560 1818
2695 2212
2695 2498
2696 2578
2696 1867
2696 3144
481 51
482 51
482 481
482 697
1562 1321
483 51
483 154
483 189
483 244
483 253
483 259
483 355
483 481
483 516
483 525
483 597
483 702
483 706
483 708
483 918
2699 2441
486 138
486 485
487 42
487 271
487 950
488 17
488 39
488 42
488 271
488 367
488 368
488 487
488 488
488 489
488 569
488 790
488 833
488 834
488 950
488 955
488 964
488 1010
2700 3231
2702 2647
1564 1110
1564 1563
1564 1565
490 805
2704 2602
2705 2864
2706 2445
492 570
493 492
493 907
495 19
495 75
495 139
495 208
495 667
495 743
495 935
495 979
1568 1226
1568 235
1568 592
496 142
497 145
2708 2825
2709 2681
498 239
2710 2761
501 1007
502 107
502 501
502 508
502 755
502 1007
1573 1287
503 634
504 159
2711 2438
2711 2465
2711 2531
2711 2532
2711 2667
2711 2813
2711 3244
1574 1280
505 30
505 56
505 69
505 78
505 172
505 534
505 562
505 732
506 171
506 394
506 721
506 843
506 939
507 206
509 174
509 340
510 504
510 566
514 323
514 383
514 868
1577 1087
1577 1494
1578 1530
2713 2653
517 251
517 310
517 525
517 673
517 871
1580 2873
1580 2043
2714 2939
518 952
1582 2078
1583 1189
1584 1314
2715 2475
520 170
521 616
521 701
522 28
522 54
522 105
522 106
522 1249
522 153
522 1374
522 1460
522 1464
522 469
522 616
522 619
522 697
522 956
522 987
522 999
522 1000
1585 1629
1586 1336
1586 1587
1588 1235
1589 1128
1589 1149
1589 1590
1590 1128
2716 2717
2719 2718
1592 1593
1594 1592
1594 1593
1595 1596
1597 1598
1599 1076
1599 1078
1599 1600
1599 1613
1599 1685
1599 1950
1599 2074
2720 3015
2721 2629
523 182
523 261
2723 2722
2724 2744
524 971
1601 1569
1602 1829
525 590
2725 2725
2726 2557
2727 2913
1606 1105
1606 1604
528 528
530 879
2731 2337
531 188
531 532
531 810
533 533
533 534
533 732
534 732
2732 2526
1609 1842
2733 2349
2733 2746
2733 3195
1611 2155
2736 2178
2736 2476
2738 2408
1612 1263
2739 2707
2739 715
2740 2213
2741 2411
1613 1190
537 380
537 655
2742 1122
2742 2880
1614 1773
1615 1037
1615 1042
1615 1411
1615 1614
1616 1616
1618 1452
1619 1188
538 673
2745 122
2745 2588
2745 2665
2745 464
2745 3115
1620 2138
1621 2137
1622 1275
1622 1622
2747 2748
1623 1623
1624 1549
2749 3264
1625 1315
1626 1224
1626 1772
1626 2009
539 86
539 460
540 784
2750 2279
2752 2889
541 507
1628 206
2753 2387
2753 2418
542 101
542 145
542 791
2754 2755
1630 14
1630 1747
544 14
544 286
544 545
546 548
547 159
547 244
547 253
547 259
547 572
547 573
547 590
547 697
551 679
551 680
1631 1129
1631 90
1632 1801
1632 2168
1633 645
1633 1801
1633 774
1634 26
1634 2244
1634 1100
1634 2257
1634 1138
1634 1634
1634 1828
1634 1893
1634 2139
1634 2165
1636 1253
1636 1289
1636 1682
1637 1181
1637 1318
1637 1375
1637 1638
1637 1977
1637 2026
1638 1181
1638 1356
1638 1375
1638 1637
1638 2013
2758 3063
2759 2610
552 952
1640 1810
553 2728
553 2791
553 673
553 1921
553 1951
553 2161
554 58
554 106
554 422
554 469
554 1642
554 830
554 1000
1642 1284
2762 2204
556 2266
556 257
556 462
556 829
1644 1719
2764 3224
1645 1031
1645 1488
558 475
1646 1131
1646 1262
1646 1320
1646 1321
1646 421
1646 1883
1646 1885
561 561
561 655
561 669
2768 2315
1648 1243
564 132
564 536
564 775
564 975
566 152
566 770
566 771
566 802
1649 1272
1649 1650
567 1650
568 158
1652 1868
1653 1237
2773 2783
1655 1422
1657 1080
1657 1189
1657 1314
1657 1359
1657 1583
1657 1584
1657 1735
1657 1736
1657 1737
571 95
571 234
571 697
572 180
572 549
572 573
572 697
572 841
573 257
573 829
574 95
574 310
574 549
574 572
574 697
575 549
1659 1659
1660 1661
1661 1098
1661 1362
2774 2293
2776 2267
2776 2775
1662 1326
577 3209
577 965
2777 2272
2777 3088
1664 779
1664 1921
1664 1991
2778 2676
2778 2724
2780 2870
1667 2328
1667 2460
1667 1326
1667 3028
1667 828
1667 3153
2781 2392
581 580
1670 1671
582 200
583 158
1673 1639
1673 1958
2782 2782
1674 1482
1675 1216
1675 1240
1675 1933
584 202
584 240
584 386
2784 2402
2784 2432
2784 2553
2784 3031
2784 3094
2785 2402
2785 2405
2785 2553
2786 2386
1677 1724
1678 1198
1678 1281
1678 1469
1678 686
1678 1999
1678 2073
1680 1014
1680 1194
1680 1378
587 808
2788 2787
2790 2461
2790 2857
588 952
1681 1407
1681 1409
1683 1324
1683 1325
1683 1684
589 129
589 131
589 134
589 140
2794 2289
2794 2795
2795 1241
2796 2999
2797 2249
591 217
591 724
591 978
1686 1559
2798 3243
1687 1236
1687 421
1687 1508
2799 3128
1689 1830
1689 2176
592 235
595 593
595 594
1690 1122
1690 1478
1690 1528
1690 1814
1690 1891
2801 2800
1691 1815
1691 1992
1691 1993
2802 3092
2803 2803
2804 2524
596 160
596 496
2805 2805
2805 2807
2805 3112
2805 3113
2806 2807
598 151
598 336
598 599
1692 1593
600 569
600 671
601 17
601 834
2808 2354
1693 1260
1693 1844
2809 2734
2809 3129
2810 2525
604 59
2811 2226
1694 1810
2812 2539
1695 1100
1695 1690
1695 1828
605 185
606 199
2813 2438
2813 2465
2814 2815
2816 2383
2817 2472
2818 2819
2820 2889
1696 1697
2821 2268
2822 2822
2823 2610
2824 2977
2827 2873
1699 1334
608 167
608 168
608 238
608 413
608 578
608 597
608 639
608 706
608 773
608 896
2828 3219
1701 149
1701 150
1701 324
1701 325
1701 326
1701 327
1701 2057
609 462
609 828
609 3162
2829 2458
2829 2933
1702 1703
1704 1285
1705 1617
1705 1704
2830 2291
2831 2307
610 135
1706 1224
1706 1243
1706 1258
1706 1612
1706 610
2832 2286
2832 2295
2832 2323
2832 3160
2832 3161
2832 3200
1707 2275
1707 1229
1707 1511
2833 2744
611 950
612 52
612 271
612 569
612 583
612 955
612 964
612 965
613 611
613 955
615 217
615 288
615 306
615 350
615 1509
615 592
615 3205
615 3217
1708 1214
1708 2753
1708 818
2835 2370
1709 1490
1709 2072
1710 1172
1710 305
1710 1409
1710 1512
1710 1513
616 7
616 51
616 67
616 481
616 549
616 571
616 572
616 574
616 575
616 1714
616 668
616 694
616 714
616 748
616 2018
616 3236
616 998
616 999
616 1000
618 240
619 220
619 920
2836 2358
2837 2838
2837 2882
2839 2840
2840 2839
2841 2842
620 621
620 623
621 623
623 621
623 623
624 621
624 623
624 625
625 229
625 623
2843 2276
2843 626
627 823
628 1243
628 1461
2844 2227
629 350
629 515
629 629
629 630
631 70
631 226
631 241
631 403
631 411
631 492
631 495
631 620
631 750
631 979
631 980
631 988
631 995
631 1003
631 1009
1716 1082
1716 1139
1716 1145
1716 1716
1716 1717
1717 1716
1717 1717
1717 1887
1720 1747
1722 2068
2847 2848
2847 2849
2847 1807
1724 1267
635 491
635 870
1725 1417
1725 1427
1725 1545
1725 2024
1727 1191
1727 1514
1727 1811
1727 2097
1728 1085
1728 1729
1729 1627
1729 1717
2852 2853
2853 2852
1730 1142
1730 1192
2855 185
2855 199
1731 1071
1731 1080
1731 1194
1731 1314
1731 1359
1731 1364
1731 1583
1731 1584
1731 1657
1731 1658
1731 1680
1731 1731
1731 1735
1731 1736
1731 1737
1731 1985
1732 1657
1732 1731
1732 1985
1733 1059
1733 1495
1733 1744
1735 1314
1735 1359
1735 1736
1735 1737
1736 1314
1736 1359
1736 1583
1736 1735
1737 1314
1737 1359
1737 1736
2856 2751
637 149
637 150
637 324
637 325
637 326
637 327
637 552
638 128
639 640
640 639
641 157
641 209
641 719
643 35
643 38
643 64
643 83
643 121
643 136
643 239
643 271
643 313
643 314
643 348
643 641
643 661
643 682
643 807
643 808
643 814
643 840
643 866
643 893
643 923
643 994
644 42
644 271
644 611
644 1010
1740 1282
1740 1740
1740 1741
1740 1766
2858 2464
646 1282
646 549
646 1650
646 732
646 1895
646 2064
646 2149
646 2150
647 197
647 898
648 2181
648 299
648 2865
650 957
1743 1019
1743 2394
1743 1874
2862 2932
2863 2864
2863 3131
2865 2181
2865 946
652 397
2866 3181
1744 1014
1744 1059
1744 1378
1745 1269
653 225
2868 2466
1749 1235
1751 2106
2872 2384
2874 2972
2874 3105
1752 1628
1752 1949
1753 1628
1753 1635
1753 1949
654 202
654 214
654 240
654 255
654 860
655 508
655 1007
1754 1641
2875 2914
1755 1835
1755 1836
1755 1837
1756 1784
1756 1785
2877 2319
2877 2561
2878 2319
2878 2561
2878 3046
2878 3201
2878 3278
656 166
657 656
657 935
1759 1486
1759 1561
1759 1946
1759 1947
2881 3135
1760 1854
1760 1953
658 82
2883 2421
2884 2884
1762 1911
659 70
659 208
659 211
659 241
659 330
659 495
659 570
659 660
659 722
659 750
659 877
659 979
659 980
659 986
659 1003
659 1009
660 40
660 875
660 986
2885 2885
661 36
661 63
661 97
661 191
661 203
661 313
661 314
661 328
661 603
661 617
661 674
661 726
661 735
661 835
661 836
661 852
661 877
661 908
661 948
662 877
663 6
663 17
663 20
663 643
663 657
663 831
663 858
1764 1811
664 502
1766 1282
2886 2888
2887 2424
2887 2886
665 727
665 728
1767 1099
1768 1099
1768 1767
666 667
668 251
668 802
669 251
2890 2918
2891 2253
2892 2300
670 205
2894 2266
2894 556
2894 3048
1769 1107
1769 1174
2895 653
2896 2897
2897 2895
672 2420
672 2437
672 215
2898 2362
2901 3279
1770 1298
1770 1771
1770 2123
1771 1770
1771 2123
1772 1217
1772 2009
1772 2092
673 376
673 377
673 711
673 762
673 802
673 839
2902 2541
674 72
674 76
676 2985
1775 1776
1776 1107
1776 1174
1776 1404
677 1394
677 1747
677 678
677 1984
677 867
677 868
678 44
678 379
678 1747
678 1984
678 867
2906 2484
679 680
681 219
681 2461
681 231
681 248
2910 2451
682 91
682 210
682 239
682 569
1778 1778
2912 2453
684 216
1779 1523
685 322
685 592
685 665
685 686
685 687
685 697
685 845
1780 1288
2916 2576
2916 1889
2917 2301
688 180
688 841
689 573
1781 1774
691 134
691 250
691 499
691 511
691 519
691 651
691 690
691 898
691 935
691 1009
1782 1576
1783 1471
693 400
693 401
693 404
693 405
1786 1784
2919 2638
2920 2920
2921 2922
695 1301
695 1960
2923 95
2923 2692
2923 2924
1787 1052
1787 1254
1787 1288
1787 1654
1787 1780
1787 1789
2925 2925
1788 1239
1789 2363
2926 3249
2927 2363
1791 1476
2928 2822
1792 1794
1793 1777
1794 1487
1794 1793
696 614
697 224
698 85
698 95
698 180
698 303
698 456
698 481
698 549
698 571
698 572
698 574
698 575
698 619
698 668
698 694
698 697
698 700
698 701
698 805
698 904
699 22
699 34
699 54
699 85
699 98
699 105
699 106
699 153
699 155
699 156
699 251
699 310
699 366
699 516
699 575
699 619
699 668
699 669
699 697
699 700
699 701
699 714
699 746
699 748
699 755
699 842
699 906
699 987
699 999
699 1000
700 366
700 619
700 697
701 668
2929 2867
1795 1164
2930 2419
2930 2471
2930 2980
1796 1326
2931 2492
2931 2497
2932 2862
1797 1727
704 143
704 239
704 563
704 751
704 752
705 1420
705 432
2934 2308
2934 3270
2934 3271
1798 2108
707 708
708 223
2935 2180
709 707
709 708
2936 2869
1799 1540
1799 1807
1799 2044
1801 1531
1801 2024
2937 2659
2937 2938
1803 1222
1804 1334
1804 1699
1806 1186
1806 1805
2940 3076
2941 2389
2942 2915
2943 2482
1808 1808
2945 2355
712 935
2946 2789
1809 1974
2947 2876
2948 1173
1810 1315
2949 2949
2953 2950
2953 2956
2955 2251
2955 1173
2955 2332
2955 2503
2955 2760
2955 2948
2955 2952
2955 2954
2955 1813
2955 2958
2955 3173
714 28
714 54
714 67
714 105
714 106
714 153
714 956
714 987
714 999
714 1000
1812 1173
1812 1813
1812 2152
2956 2950
2957 1813
2957 2959
2960 2404
715 135
715 610
716 2381
716 135
716 2961
717 180
1815 1992
2962 2962
718 877
2963 2834
719 347
1816 1727
1817 1623
722 721
2967 2966
1818 1210
1818 1256
1819 2048
1820 1259
1820 1270
1820 1617
1820 1669
2969 2292
2969 1897
725 2400
2971 2417
1822 1130
1823 1651
2973 2973
2974 3077
1827 2072
2975 3118
2976 2399
2976 3303
2977 2824
727 728
2978 2978
1831 1336
1831 1554
2979 2599
729 730
729 1009
730 320
731 139
731 166
731 907
731 979
1832 1833
1833 1656
1833 2154
2981 2452
2981 2549
2982 2707
2983 2454
2983 2984
2983 2986
2984 2454
2985 2454
2985 2984
2985 2986
734 733
734 751
735 77
735 813
1834 1837
1835 1836
1838 1834
1838 1836
1838 1837
1839 1325
736 320
737 320
737 729
737 730
737 736
738 2665
738 789
739 235
739 464
739 588
739 592
739 738
741 1009
2987 530
2987 2730
1841 1183
1842 1139
1842 1738
1843 1738
2989 2988
2990 2990
2991 2991
742 475
1847 1790
1848 1205
1848 1216
1848 1849
1850 1212
1850 1281
1850 1937
1850 1951
1850 1998
1850 1999
743 979
2993 3311
1851 1633
1851 1801
1851 2995
1851 3009
1851 2168
2995 2765
1852 1257
1852 1295
1852 1340
2996 2331
2996 2543
2996 2544
2996 2997
2996 3233
1853 1582
2998 3109
745 251
745 356
745 438
745 516
745 746
745 804
745 805
745 910
745 911
747 51
747 355
747 356
747 481
747 504
747 516
747 746
747 804
747 805
747 910
747 911
3001 3307
748 28
748 48
748 54
748 67
748 105
748 106
748 153
748 1761
748 697
748 714
748 956
748 987
748 998
748 999
748 1000
3002 2527
749 634
3003 3003
3006 3005
3007 2272
3008 3009
3010 3011
1856 1868
3012 2418
1857 1126
1857 1193
1857 577
1857 1858
1857 1859
1857 1966
1858 3013
1858 3274
1859 404
1859 3274
3014 3015
3016 2238
3016 3017
750 712
751 752
3019 2867
1860 1132
1860 1236
1860 1242
1860 1668
3020 2531
3020 2532
3020 2533
3020 936
753 160
753 195
753 227
753 559
753 579
753 628
753 695
753 811
753 874
1861 1266
3021 1529
3021 2166
754 802
3022 2224
3022 2780
1862 1430
1863 1336
1863 1489
1864 1095
1864 1123
1864 1552
3027 3026
756 334
756 389
1865 1271
1866 1141
1866 1246
1866 2167
1867 1866
3028 2460
3028 779
3028 828
3028 3162
3029 2277
3029 3029
3030 2304
3030 3030
757 758
758 193
758 758
759 193
759 720
760 193
3031 2402
3031 2432
763 50
763 93
763 374
763 427
763 800
763 805
763 825
764 723
1869 1873
1870 1178
1870 1337
1870 1944
1870 1945
1873 1663
3032 2477
765 363
766 668
767 467
767 473
767 494
3033 2540
1875 1616
1875 1988
3035 2246
3035 3034
3036 2501
1876 686
1876 687
768 665
768 727
768 728
768 1876
769 1231
769 1234
769 1273
769 2686
769 538
769 685
769 686
769 687
769 796
769 2157
3037 1829
1877 1502
1877 1575
1878 1096
1878 1265
1878 1465
1878 1603
1878 1684
1878 2072
3039 3073
1879 2012
3040 770
3041 2415
3041 770
770 771
772 355
772 516
772 706
772 746
772 804
772 896
772 911
773 356
773 451
773 706
773 773
1880 1257
1882 2101
1883 1885
1884 1885
776 883
1886 1097
1886 1944
1888 1887
3042 2539
1889 1344
1890 1253
3043 2419
3043 185
3043 2641
3043 2909
3043 2980
3043 3111
3043 3117
3044 2216
1891 1236
1891 1439
1892 1274
1892 1296
3045 3038
3046 638
3046 3201
1893 1894
1894 1893
1895 779
1895 1991
780 88
780 1203
780 1239
780 1282
780 262
780 267
780 272
780 1650
780 1664
780 1788
780 732
780 1895
780 1921
780 1991
780 2064
780 2149
780 1006
3047 2735
781 2585
781 858
782 162
782 2639
782 2640
782 754
783 290
3048 2290
787 722
3050 3049
1896 1176
1896 1393
1896 1607
1896 2051
1898 1899
3051 2234
3051 2270
3051 2510
3051 3052
3051 3054
3052 2234
3052 2510
3052 3053
788 89
788 319
788 546
788 579
788 875
788 935
1900 1221
1900 1811
3056 3055
3057 3033
1901 1300
3058 3231
1902 1286
1902 1302
791 188
792 29
792 793
792 859
1903 1624
1903 1965
1903 2032
1903 2033
793 740
793 793
793 818
793 859
3061 3060
3061 3062
1905 1027
1905 1360
3064 2637
3065 3066
3067 3065
3067 3066
3068 3069
3071 2269
3072 3071
1906 2826
1906 3123
1906 2048
794 240
795 91
795 2382
795 1794
795 1811
1908 1166
1908 1689
1908 2176
798 713
799 167
799 332
799 365
799 390
799 391
799 639
799 640
799 701
799 707
799 708
799 777
799 803
800 93
801 754
801 802
3075 2449
804 746
804 911
805 516
805 746
805 804
806 247
806 2767
809 136
809 807
809 808
1910 1911
1911 1248
810 246
1912 1083
1912 1150
3078 2744
3080 2665
3080 3079
3081 3082
3083 3084
3084 3081
3084 3082
3085 2210
3085 2275
3085 2647
3085 993
1913 2143
1914 1914
1915 1790
3086 3086
3087 3109
814 35
814 121
814 136
814 188
814 519
814 723
814 786
814 807
814 808
814 816
814 866
814 884
816 121
816 723
816 866
817 171
817 1002
1916 1422
1916 1572
1916 1705
1916 853
3089 2712
3090 3196
1918 1188
1918 1276
1918 1298
1918 1308
1918 1739
1918 1811
1918 1853
1918 1917
1918 2023
1918 2094
1918 2095
1918 2114
1918 2148
1918 2151
1918 2159
1918 2175
819 634
3091 3091
1919 1721
1919 1873
1919 1920
1920 1111
1920 1663
1920 1855
1922 1901
1924 1275
1924 1404
1924 1911
3095 3096
3095 3097
3095 3182
3096 3097
3096 3182
3099 2675
3099 3098
1925 2075
821 3013
822 125
822 144
822 145
822 146
822 242
822 281
822 360
822 412
822 417
822 418
822 472
822 473
822 767
822 810
822 879
1926 1344
3100 3101
3102 3101
3103 3104
3103 3274
824 970
1927 1784
1927 1785
1927 1790
1928 1784
1928 1785
1928 1790
1928 1927
1928 2022
3106 2428
3107 2441
3107 2699
3107 2840
825 321
3108 2516
3108 2517
1929 1698
1929 2078
828 2460
828 1326
1930 1487
3110 2555
830 176
831 834
831 886
832 17
834 964
1931 2420
836 837
837 835
838 108
838 173
838 201
838 383
838 384
1935 1567
1935 1576
1935 1782
1935 1936
1937 1212
1938 1019
1940 1918
3114 2239
1941 1030
1941 1244
842 180
842 842
842 896
1942 1050
1944 1178
1944 1945
846 170
846 287
846 604
846 848
846 850
847 18
847 40
847 43
847 46
847 49
847 59
847 81
847 138
847 181
847 186
847 187
847 191
847 202
847 242
847 307
847 394
847 409
847 435
847 436
847 484
847 506
847 509
847 519
847 520
847 526
847 527
847 529
847 542
847 583
847 593
847 594
847 595
847 712
847 723
847 729
847 730
847 741
847 760
847 761
847 775
847 785
847 788
847 814
847 816
847 826
847 843
847 966
847 980
847 983
847 984
847 996
848 109
848 348
848 509
848 515
848 814
848 816
848 980
848 983
848 984
848 985
849 40
849 607
850 313
850 604
1946 1759
1948 1825
1949 1628
1949 1948
851 2336
851 2756
851 543
3119 2336
3119 2756
1952 1112
1952 1952
852 565
1956 251
3121 3122
3122 194
3123 1698
3123 2826
853 1252
853 753
853 3296
854 854
1957 1026
1957 1409
855 2282
855 2441
855 432
855 2699
855 1675
855 704
855 733
855 3107
855 3124
3124 2260
3124 2337
3124 2646
3124 1849
3125 2310
3125 2390
3125 2483
3125 2485
3125 2534
3126 3126
856 877
857 345
857 775
3131 3130
1959 1673
1959 1958
3133 2413
3134 3133
1966 1548
1966 2112
3136 3137
1967 1013
1967 1725
1967 1967
1968 474
3138 2549
860 214
860 861
862 1129
862 90
862 1212
862 474
862 534
862 732
862 1850
862 1937
862 1968
862 1969
862 862
1970 1398
1970 1399
1970 1400
1970 1971
1971 1398
1971 1400
863 165
863 857
863 864
863 865
865 1216
865 1240
865 1933
3140 2371
1972 1091
1972 1609
1972 1643
1972 1964
1972 1968
1972 2160
1975 1156
1975 1973
1976 1999
1977 1327
1977 1974
1977 2026
1978 1449
1979 1514
1979 1978
1979 2149
3141 2673
1980 1285
1980 2032
1980 2033
1980 2112
866 121
866 569
1984 1747
867 1747
867 868
868 632
3142 2769
1985 1071
1985 1350
1985 1584
1985 1734
1986 1747
3143 2964
1988 1987
3144 2283
3146 3150
3146 3295
3147 3146
3147 3149
3147 3150
3148 3146
3149 3146
3149 3150
3150 3146
3150 3149
3151 2219
3151 3146
3151 962
1989 1241
1989 1514
1989 2149
3152 3152
872 213
872 778
873 576
1990 1311
1990 762
1991 1921
3153 2460
3154 2459
874 2429
3155 2429
3155 874
3156 3159
1994 1214
1994 1819
3157 2313
1995 1997
1996 1179
1997 1179
1997 1996
3161 2295
876 65
876 1247
876 2400
876 2401
876 1489
876 2638
876 1724
876 725
876 732
876 2104
876 992
876 3303
877 718
1998 1281
1999 1281
3162 2460
878 269
2000 1845
2002 1452
2002 1954
2002 1955
2003 1487
2003 2002
2004 1214
2004 1461
2004 1571
2005 1332
880 645
880 774
2006 1214
2006 1258
2006 1422
2006 1571
2006 2005
2006 2109
2006 2110
2006 2112
3164 2340
2007 1034
2008 1341
2009 1224
3165 2437
882 779
2010 2010
2010 2011
2010 2012
2011 2012
3167 2334
3167 2444
3167 3168
3168 2444
3169 3014
3169 3015
2014 1033
2014 1759
2014 2015
2015 2014
2016 2017
3170 2869
2018 1295
886 1010
3171 2223
3172 2403
3172 3304
2019 1398
2019 1400
887 1281
887 262
887 2728
887 686
887 687
887 697
887 779
887 1951
887 1998
887 1999
2021 2079
3173 2251
888 357
2022 1402
2022 1784
2022 1790
2022 1927
2022 2022
889 890
891 428
891 2728
891 924
3174 2728
3175 2324
3175 3074
892 500
892 703
893 703
894 73
3176 2343
2025 1235
3177 3178
3178 2428
3179 3179
897 557
897 3093
898 197
2027 1065
2027 1093
2030 2090
2031 1238
2031 946
2033 2032
2034 1289
2034 1776
2034 1981
900 810
2039 2038
3183 401
3183 404
3183 3184
3185 402
3185 2864
901 555
901 902
902 555
2040 2028
2040 2029
903 685
3186 2381
3186 2961
2042 1283
3188 2247
3188 3189
3189 2247
3189 2366
3190 2240
3190 3116
905 2278
905 88
905 1231
905 1234
905 2669
905 2670
905 2686
905 2728
905 673
905 685
905 686
905 687
905 697
905 732
905 768
905 3040
905 3041
905 802
905 1969
905 3191
905 2081
905 2161
908 852
3193 2294
909 446
912 826
3195 2349
3195 2746
2046 1133
2046 2047
2048 1777
2048 1846
2049 1151
2049 1252
2049 1308
2049 1703
2049 1845
2049 1846
2049 1964
2049 2001
2049 2032
2049 2033
2049 2048
2049 2049
2049 2050
2049 2075
2049 2175
2050 1285
2050 1332
2050 1423
2050 1542
2050 1648
2050 853
2050 1980
2050 2006
2050 2032
2050 2033
2050 2112
3197 3197
3198 3199
3199 3199
2052 1463
2052 1490
2052 1590
2052 2025
2052 2072
3202 2468
3202 2540
3202 3033
3202 3203
3204 2468
916 5
916 36
916 63
916 77
916 274
916 329
916 400
916 595
916 617
916 661
916 813
2053 1273
2054 2072
2055 2054
2055 2056
2056 1341
917 112
917 149
917 150
917 325
917 326
917 327
3207 2257
3207 3207
3208 2791
3209 2393
3210 2970
2060 1201
3212 2208
3212 3213
3212 3216
3213 3211
3215 2287
3218 2433
919 764
919 1010
3220 2972
3220 3105
2063 1048
2064 1921
2064 2065
2066 1788
2067 2067
2068 1345
2069 2068
922 896
924 222
925 431
925 868
2076 1245
2077 2175
926 244
926 253
926 259
926 483
926 918
926 927
927 147
927 456
928 651
3225 2968
2080 1300
2080 1333
2080 1704
2080 1705
2080 1926
2080 1954
930 939
2081 1305
2081 665
2081 1876
2081 2161
2082 2082
2083 1328
2083 1356
2083 1369
2083 1637
2083 2082
3226 3227
3227 2346
2084 2104
2085 2087
2087 2086
2088 1372
2089 2087
2091 2064
3228 2456
3228 2624
3228 2037
3228 3228
3229 3230
3232 3233
3234 3205
932 202
932 240
932 386
932 654
932 869
2098 1276
2098 2071
933 202
933 247
933 970
934 680
3235 2214
3235 2845
3236 2480
2100 2102
2101 2102
3237 3238
936 937
937 877
3239 2772
2105 1100
2105 1144
2105 311
2105 1579
2105 1723
2105 3044
3240 2435
3240 2443
3240 2883
3240 3222
2106 1751
3241 3242
938 394
938 506
938 939
940 393
940 394
940 938
940 939
941 938
942 730
2107 2108
2109 2110
2110 2005
2110 2112
2111 2112
2112 1332
943 944
944 258
946 1238
946 706
947 974
3244 2438
3244 2667
3246 3245
948 328
2118 774
2118 2024
3250 3251
951 277
951 399
2119 1536
2121 1299
2121 1964
3253 3252
3254 2297
953 415
953 684
954 379
954 737
3256 2653
3257 2414
956 54
956 633
956 1894
3258 341
958 844
959 959
3259 2477
3260 3261
3260 3263
2126 2062
2126 2127
3261 3263
960 2415
960 711
3262 2629
3262 1651
3262 1823
961 1488
961 635
3265 3000
3267 185
3267 3266
3268 3266
3269 2230
3270 2308
2128 1244
3272 2767
2130 2129
2130 963
2131 2129
963 212
963 2129
966 186
3273 2237
3273 446
3274 2351
3274 3013
3275 2410
2135 1053
2135 1194
2135 1680
2135 2141
2136 1394
2136 1747
2137 1069
2137 1211
2137 2147
3276 2450
3277 2771
2139 1255
2139 1498
2139 1828
968 727
968 969
969 1707
969 684
3278 2701
972 55
972 3279
972 971
3280 2330
3281 3222
2142 2143
2142 2144
3283 3284
973 196
2145 1805
2145 2054
2146 2162
976 355
976 516
977 355
977 516
3285 2365
3286 2379
3286 2437
3286 2703
3286 2721
3286 2864
3288 3287
978 1549
978 917
3289 3248
979 237
979 242
979 493
979 750
979 885
979 935
979 980
980 160
980 990
981 982
982 622
3290 2334
3290 2444
3290 3167
3290 3168
985 350
985 515
985 629
985 917
986 61
986 84
986 226
986 495
986 548
986 642
986 651
986 750
986 875
986 935
986 943
986 959
986 980
986 995
3291 2318
2148 1203
2148 2150
2149 1921
2151 1432
2151 1433
987 176
987 180
3292 3292
2153 1800
2155 1611
989 990
991 74
2156 1072
992 65
992 725
2157 1231
3293 2624
2159 2175
993 605
993 1721
993 3085
2160 1968
2161 1921
3294 2495
994 752
994 990
995 935
996 751
996 752
996 994
3297 2685
3297 2879
2164 2163
998 54
998 67
998 105
998 106
998 176
998 998
998 1000
999 28
999 54
999 67
999 105
999 106
999 714
999 956
999 987
999 998
999 1000
1000 67
1000 956
1000 998
1000 1000
3298 2743
1001 7
1001 377
1001 762
1003 247
1003 494
1004 7
1004 2316
1004 122
1004 1336
1004 355
1004 365
1004 481
1004 501
1004 502
1004 516
1004 1597
1004 619
1004 802
1004 901
1004 920
1005 51
1005 1197
1005 1336
1005 481
1005 1586
1005 2860
1005 680
1005 920
1006 779
2166 1170
3303 2399
3305 1529
3305 2654
3305 2166
2168 1801
2168 2168
3306 3302
2169 1133
2169 1170
2169 1529
2169 2166
3308 3309
2171 2172
2174 1385
2174 2173
1008 455
2175 2122
