0 5
1 3
2 5
3 4
4 1
5 1
6 5
7 3
8 1
9 6
10 3
11 5
12 4
13 3
14 4
15 3
16 4
17 2
18 5
19 5
20 5
21 3
22 3
23 4
24 3
25 2
26 4
27 5
28 3
29 2
30 2
31 2
32 2
33 5
34 3
35 5
36 1
37 3
38 5
39 5
40 5
41 5
42 5
43 5
44 5
45 5
46 5
47 5
48 3
49 5
50 3
51 3
52 5
53 6
54 3
55 4
56 2
57 4
58 3
59 5
60 4
61 6
62 3
63 1
64 5
65 3
66 3
67 3
68 4
69 3
70 5
71 5
72 5
73 4
74 2
75 5
76 5
77 2
78 2
79 3
80 4
81 5
82 3
83 2
84 5
85 3
86 4
87 1
88 3
89 5
90 2
91 6
92 5
93 3
94 3
95 3
96 2
97 1
98 3
99 5
100 3
101 5
102 2
103 3
104 5
105 3
106 3
107 3
108 4
109 5
110 5
111 5
112 4
113 1
114 5
115 5
116 5
117 4
118 3
119 5
120 4
121 5
122 3
123 2
124 1
125 5
126 1
127 3
128 4
129 6
130 2
131 5
132 5
133 5
134 1
135 6
136 5
137 5
138 5
139 5
140 1
141 5
142 5
143 6
144 5
145 5
146 5
147 3
148 5
149 4
150 4
151 3
152 3
153 3
154 3
155 3
156 3
157 3
158 5
159 2
160 5
161 6
162 2
163 5
164 4
165 5
166 5
167 3
168 4
169 6
170 5
171 5
172 2
173 1
174 5
175 2
176 3
177 5
178 3
179 2
180 3
181 5
182 3
183 2
184 3
185 5
186 5
187 5
188 5
189 3
190 5
191 2
192 5
193 5
194 3
195 6
196 5
197 5
198 5
199 5
200 3
201 1
202 5
203 5
204 5
205 3
206 3
207 6
208 5
209 5
210 6
211 5
212 3
213 3
214 5
215 2
216 3
217 1
218 2
219 3
220 3
221 3
222 3
223 3
224 3
225 6
226 5
227 3
228 3
229 5
230 5
231 3
232 3
233 3
234 3
235 3
236 3
237 5
238 4
239 5
240 5
241 5
242 5
243 2
244 3
245 5
246 5
247 5
248 3
249 6
250 5
251 3
252 5
253 3
254 3
255 5
256 3
257 3
258 5
259 3
260 5
261 3
262 2
263 1
264 5
265 3
266 2
267 3
268 2
269 1
270 1
271 5
272 2
273 1
274 2
275 3
276 3
277 5
278 2
279 6
280 1
281 5
282 5
283 1
284 2
285 2
286 2
287 5
288 1
289 1
290 1
291 3
292 3
293 6
294 1
295 3
296 3
297 2
298 1
299 3
300 6
301 4
302 3
303 3
304 3
305 2
306 5
307 5
308 4
309 6
310 3
311 4
312 5
313 5
314 5
315 5
316 5
317 3
318 3
319 5
320 5
321 3
322 3
323 5
324 4
325 4
326 4
327 4
328 1
329 1
330 1
331 4
332 3
333 5
334 5
335 3
336 3
337 5
338 2
339 5
340 5
341 5
342 3
343 6
344 5
345 5
346 5
347 5
348 5
349 3
350 5
351 5
352 4
353 4
354 4
355 3
356 3
357 3
358 6
359 6
360 5
361 5
362 4
363 3
364 3
365 3
366 3
367 5
368 5
369 5
370 6
371 4
372 3
373 5
374 3
375 4
376 4
377 4
378 4
379 5
380 2
381 6
382 3
383 4
384 4
385 5
386 5
387 5
388 5
389 5
390 3
391 3
392 3
393 5
394 5
395 1
396 6
397 6
398 6
399 5
400 5
401 5
402 5
403 5
404 5
405 5
406 3
407 2
408 3
409 5
410 5
411 5
412 5
413 6
414 3
415 6
416 5
417 5
418 5
419 3
420 3
421 4
422 3
423 4
424 5
425 5
426 5
427 3
428 3
429 2
430 2
431 1
432 6
433 6
434 5
435 5
436 5
437 3
438 3
439 3
440 3
441 4
442 3
443 4
444 3
445 3
446 2
447 3
448 5
449 4
450 4
451 3
452 2
453 5
454 5
455 3
456 3
457 2
458 2
459 3
460 3
461 4
462 3
463 3
464 5
465 6
466 6
467 5
468 3
469 3
470 3
471 3
472 5
473 3
474 2
475 3
476 3
477 3
478 5
479 2
480 5
481 3
482 3
483 3
484 5
485 3
486 5
487 5
488 5
489 5
490 2
491 6
492 5
493 5
494 5
495 5
496 5
497 5
498 2
499 5
500 5
501 3
502 3
503 3
504 5
505 2
506 5
507 3
508 3
509 5
510 3
511 5
512 4
513 4
514 5
515 5
516 3
517 3
518 4
519 5
520 5
521 3
522 3
523 3
524 4
525 3
526 5
527 5
528 1
529 5
530 5
531 5
532 5
533 2
534 2
535 3
536 5
537 2
538 3
539 3
540 1
541 3
542 5
543 6
544 1
545 4
546 5
547 3
548 5
549 3
550 3
551 3
552 4
553 2
554 3
555 3
556 4
557 3
558 3
559 6
560 3
561 2
562 2
563 6
564 5
565 6
566 3
567 2
568 5
569 5
570 5
571 3
572 3
573 3
574 3
575 3
576 3
577 1
578 4
579 5
580 3
581 3
582 6
583 5
584 5
585 5
586 3
587 5
588 4
589 5
590 3
591 1
592 3
593 5
594 5
595 5
596 5
597 3
598 3
599 3
600 5
601 2
602 3
603 5
604 5
605 5
606 5
607 5
608 3
609 3
610 6
611 5
612 5
613 5
614 1
615 1
616 3
617 2
618 5
619 3
620 5
621 5
622 5
623 5
624 5
625 5
626 4
627 1
628 6
629 4
630 5
631 5
632 5
633 3
634 3
635 6
636 3
637 4
638 4
639 3
640 3
641 5
642 5
643 5
644 1
645 4
646 3
647 5
648 3
649 5
650 5
651 5
652 1
653 6
654 5
655 3
656 5
657 6
658 3
659 5
660 5
661 5
662 6
663 5
664 2
665 3
666 5
667 5
668 3
669 3
670 3
671 5
672 2
673 3
674 5
675 5
676 5
677 4
678 5
679 4
680 3
681 6
682 5
683 3
684 3
685 3
686 3
687 3
688 3
689 2
690 5
691 5
692 5
693 2
694 3
695 6
696 1
697 3
698 3
699 3
700 3
701 3
702 4
703 5
704 6
705 6
706 3
707 3
708 3
709 4
710 4
711 3
712 4
713 2
714 3
715 6
716 6
717 3
718 5
719 5
720 5
721 5
722 5
723 1
724 1
725 3
726 5
727 3
728 3
729 5
730 5
731 5
732 2
733 5
734 5
735 5
736 5
737 5
738 3
739 1
740 2
741 5
742 3
743 4
744 3
745 3
746 3
747 3
748 3
749 3
750 5
751 5
752 5
753 5
754 2
755 3
756 4
757 5
758 5
759 5
760 5
761 5
762 4
763 3
764 5
765 4
766 6
767 5
768 3
769 2
770 2
771 3
772 3
773 3
774 4
775 5
776 4
777 3
778 5
779 3
780 4
781 4
782 2
783 4
784 4
785 5
786 5
787 5
788 5
789 1
790 5
791 3
792 5
793 2
794 5
795 6
796 5
797 3
798 2
799 3
800 3
801 2
802 2
803 3
804 3
805 3
806 5
807 5
808 5
809 5
810 6
811 5
812 3
813 2
814 5
815 5
816 5
817 5
818 6
819 3
820 6
821 5
822 5
823 2
824 5
825 3
826 1
827 3
828 3
829 3
830 4
831 2
832 2
833 2
834 5
835 5
836 5
837 5
838 1
839 3
840 5
841 3
842 3
843 5
844 3
845 4
846 5
847 5
848 5
849 5
850 5
851 6
852 6
853 6
854 5
855 5
856 1
857 6
858 6
859 2
860 5
861 5
862 2
863 5
864 5
865 5
866 5
867 4
868 5
869 5
870 6
871 3
872 5
873 3
874 5
875 5
876 3
877 5
878 4
879 5
880 4
881 2
882 3
883 3
884 2
885 5
886 2
887 2
888 3
889 1
890 1
891 2
892 5
893 5
894 4
895 2
896 4
897 2
898 5
899 3
900 5
901 3
902 3
903 3
904 3
905 3
906 3
907 5
908 6
909 2
910 3
911 3
912 1
913 2
914 3
915 6
916 1
917 4
918 3
919 5
920 3
921 3
922 3
923 5
924 2
925 5
926 6
927 6
928 5
929 3
930 5
931 5
932 5
933 5
934 3
935 5
936 5
937 5
938 5
939 5
940 1
941 5
942 5
943 5
944 6
945 5
946 3
947 4
948 1
949 1
950 5
951 5
952 3
953 3
954 5
955 5
956 3
957 5
958 3
959 5
960 4
961 6
962 5
963 2
964 5
965 5
966 1
967 3
968 6
969 6
970 5
971 4
972 4
973 5
974 3
975 5
976 3
977 3
978 4
979 5
980 5
981 5
982 5
983 5
984 5
985 1
986 5
987 3
988 5
989 5
990 5
991 2
992 3
993 2
994 5
995 5
996 5
997 2
998 3
999 3
1000 3
1001 4
1002 5
1003 5
1004 3
1005 3
1006 3
1007 3
1008 3
1009 5
1010 5
1011 2
1012 3
1013 4
1014 2
1015 4
1016 4
1017 1
1018 2
1019 2
1020 5
1021 4
1022 3
1023 4
1024 5
1025 1
1026 2
1027 2
1028 4
1029 4
1030 1
1031 6
1032 5
1033 2
1034 2
1035 4
1036 3
1037 4
1038 4
1039 2
1040 4
1041 4
1042 4
1043 4
1044 1
1045 6
1046 4
1047 4
1048 4
1049 4
1050 2
1051 6
1052 2
1053 2
1054 4
1055 2
1056 4
1057 2
1058 4
1059 2
1060 4
1061 3
1062 3
1063 2
1064 6
1065 5
1066 2
1067 4
1068 4
1069 5
1070 4
1071 2
1072 2
1073 3
1074 1
1075 3
1076 4
1077 5
1078 4
1079 5
1080 2
1081 4
1082 2
1083 4
1084 5
1085 2
1086 4
1087 5
1088 4
1089 4
1090 4
1091 2
1092 5
1093 2
1094 6
1095 2
1096 6
1097 6
1098 4
1099 2
1100 4
1101 4
1102 4
1103 5
1104 1
1105 4
1106 4
1107 4
1108 6
1109 4
1110 2
1111 2
1112 1
1113 6
1114 3
1115 3
1116 4
1117 4
1118 2
1119 4
1120 1
1121 6
1122 4
1123 2
1124 6
1125 4
1126 5
1127 4
1128 6
1129 2
1130 2
1131 3
1132 4
1133 4
1134 1
1135 4
1136 4
1137 2
1138 4
1139 2
1140 2
1141 4
1142 4
1143 2
1144 3
1145 2
1146 4
1147 2
1148 4
1149 6
1150 4
1151 6
1152 4
1153 2
1154 1
1155 3
1156 2
1157 2
1158 6
1159 4
1160 1
1161 4
1162 2
1163 4
1164 2
1165 3
1166 2
1167 3
1168 2
1169 3
1170 4
1171 2
1172 2
1173 4
1174 4
1175 2
1176 4
1177 3
1178 6
1179 2
1180 4
1181 1
1182 6
1183 6
1184 3
1185 6
1186 6
1187 2
1188 6
1189 2
1190 4
1191 3
1192 4
1193 1
1194 2
1195 2
1196 4
1197 3
1198 6
1199 3
1200 4
1201 6
1202 6
1203 3
1204 2
1205 5
1206 4
1207 3
1208 2
1209 3
1210 4
1211 5
1212 3
1213 1
1214 6
1215 6
1216 5
1217 6
1218 6
1219 3
1220 1
1221 6
1222 3
1223 6
1224 6
1225 4
1226 3
1227 2
1228 4
1229 3
1230 3
1231 3
1232 6
1233 5
1234 3
1235 6
1236 4
1237 1
1238 3
1239 3
1240 5
1241 3
1242 4
1243 6
1244 3
1245 2
1246 4
1247 3
1248 4
1249 3
1250 4
1251 4
1252 6
1253 4
1254 2
1255 4
1256 4
1257 3
1258 6
1259 6
1260 1
1261 4
1262 4
1263 6
1264 3
1265 6
1266 6
1267 3
1268 4
1269 2
1270 6
1271 2
1272 3
1273 3
1274 2
1275 4
1276 6
1277 2
1278 2
1279 3
1280 6
1281 3
1282 3
1283 3
1284 3
1285 6
1286 4
1287 5
1288 2
1289 4
1290 3
1291 6
1292 6
1293 6
1294 4
1295 4
1296 2
1297 1
1298 6
1299 6
1300 6
1301 6
1302 4
1303 6
1304 2
1305 3
1306 6
1307 4
1308 6
1309 4
1310 2
1311 4
1312 2
1313 3
1314 2
1315 2
1316 2
1317 6
1318 2
1319 2
1320 4
1321 4
1322 3
1323 2
1324 6
1325 6
1326 3
1327 2
1328 5
1329 2
1330 3
1331 3
1332 6
1333 6
1334 3
1335 3
1336 3
1337 6
1338 6
1339 3
1340 6
1341 6
1342 2
1343 5
1344 6
1345 3
1346 6
1347 4
1348 1
1349 3
1350 2
1351 3
1352 4
1353 1
1354 2
1355 1
1356 1
1357 2
1358 1
1359 2
1360 2
1361 6
1362 4
1363 2
1364 2
1365 2
1366 2
1367 2
1368 1
1369 2
1370 2
1371 4
1372 2
1373 4
1374 3
1375 2
1376 2
1377 6
1378 2
1379 1
1380 2
1381 3
1382 6
1383 3
1384 1
1385 2
1386 1
1387 3
1388 5
1389 4
1390 4
1391 4
1392 4
1393 4
1394 4
1395 3
1396 4
1397 3
1398 2
1399 2
1400 1
1401 4
1402 4
1403 4
1404 4
1405 4
1406 2
1407 2
1408 2
1409 2
1410 3
1411 4
1412 1
1413 5
1414 1
1415 1
1416 4
1417 4
1418 6
1419 3
1420 5
1421 6
1422 6
1423 6
1424 3
1425 4
1426 4
1427 4
1428 2
1429 2
1430 3
1431 1
1432 6
1433 6
1434 6
1435 6
1436 6
1437 5
1438 2
1439 4
1440 4
1441 2
1442 4
1443 1
1444 4
1445 4
1446 6
1447 6
1448 6
1449 4
1450 4
1451 2
1452 6
1453 6
1454 3
1455 6
1456 6
1457 6
1458 2
1459 1
1460 3
1461 6
1462 1
1463 6
1464 3
1465 6
1466 4
1467 3
1468 4
1469 6
1470 6
1471 3
1472 4
1473 4
1474 3
1475 4
1476 1
1477 5
1478 4
1479 4
1480 4
1481 4
1482 6
1483 2
1484 6
1485 4
1486 2
1487 6
1488 6
1489 1
1490 6
1491 4
1492 2
1493 2
1494 4
1495 2
1496 5
1497 4
1498 4
1499 4
1500 4
1501 6
1502 6
1503 6
1504 1
1505 6
1506 4
1507 4
1508 4
1509 4
1510 2
1511 3
1512 2
1513 2
1514 1
1515 3
1516 2
1517 3
1518 6
1519 6
1520 5
1521 3
1522 2
1523 2
1524 2
1525 4
1526 3
1527 5
1528 4
1529 4
1530 6
1531 4
1532 4
1533 4
1534 1
1535 1
1536 4
1537 4
1538 4
1539 4
1540 6
1541 6
1542 6
1543 3
1544 4
1545 4
1546 4
1547 4
1548 2
1549 6
1550 6
1551 4
1552 6
1553 3
1554 6
1555 4
1556 4
1557 2
1558 2
1559 1
1560 1
1561 2
1562 4
1563 2
1564 1
1565 2
1566 5
1567 5
1568 3
1569 2
1570 4
1571 6
1572 6
1573 4
1574 2
1575 6
1576 5
1577 1
1578 6
1579 4
1580 6
1581 2
1582 6
1583 2
1584 2
1585 2
1586 3
1587 3
1588 3
1589 6
1590 6
1591 2
1592 3
1593 3
1594 2
1595 2
1596 2
1597 3
1598 3
1599 4
1600 4
1601 4
1602 4
1603 6
1604 4
1605 4
1606 4
1607 4
1608 4
1609 6
1610 2
1611 4
1612 6
1613 4
1614 4
1615 4
1616 4
1617 6
1618 6
1619 2
1620 4
1621 5
1622 4
1623 4
1624 2
1625 2
1626 6
1627 2
1628 3
1629 2
1630 4
1631 2
1632 4
1633 4
1634 4
1635 3
1636 4
1637 2
1638 1
1639 4
1640 2
1641 2
1642 3
1643 2
1644 3
1645 6
1646 4
1647 4
1648 6
1649 3
1650 3
1651 2
1652 5
1653 2
1654 1
1655 6
1656 6
1657 2
1658 2
1659 4
1660 3
1661 4
1662 3
1663 2
1664 3
1665 2
1666 2
1667 3
1668 3
1669 6
1670 6
1671 6
1672 4
1673 4
1674 6
1675 5
1676 6
1677 3
1678 3
1679 4
1680 2
1681 2
1682 4
1683 6
1684 4
1685 4
1686 2
1687 4
1688 4
1689 2
1690 4
1691 2
1692 1
1693 4
1694 1
1695 4
1696 2
1697 2
1698 6
1699 3
1700 2
1701 4
1702 6
1703 6
1704 6
1705 6
1706 6
1707 4
1708 6
1709 6
1710 2
1711 6
1712 6
1713 6
1714 3
1715 2
1716 2
1717 2
1718 3
1719 6
1720 4
1721 2
1722 5
1723 4
1724 3
1725 4
1726 2
1727 2
1728 2
1729 1
1730 4
1731 2
1732 2
1733 2
1734 2
1735 2
1736 2
1737 2
1738 2
1739 6
1740 3
1741 3
1742 2
1743 2
1744 2
1745 2
1746 1
1747 4
1748 3
1749 6
1750 4
1751 4
1752 3
1753 3
1754 1
1755 6
1756 4
1757 1
1758 5
1759 2
1760 6
1761 3
1762 4
1763 4
1764 6
1765 6
1766 3
1767 2
1768 2
1769 4
1770 5
1771 5
1772 6
1773 4
1774 6
1775 4
1776 4
1777 6
1778 2
1779 3
1780 2
1781 3
1782 5
1783 3
1784 6
1785 6
1786 4
1787 2
1788 3
1789 2
1790 4
1791 1
1792 6
1793 6
1794 6
1795 2
1796 3
1797 2
1798 4
1799 3
1800 1
1801 4
1802 4
1803 2
1804 4
1805 6
1806 3
1807 3
1808 4
1809 4
1810 2
1811 6
1812 4
1813 4
1814 4
1815 2
1816 2
1817 4
1818 4
1819 6
1820 6
1821 3
1822 2
1823 2
1824 2
1825 6
1826 2
1827 6
1828 4
1829 3
1830 4
1831 6
1832 3
1833 4
1834 6
1835 6
1836 6
1837 6
1838 6
1839 6
1840 2
1841 6
1842 5
1843 5
1844 5
1845 6
1846 6
1847 4
1848 5
1849 5
1850 3
1851 4
1852 3
1853 6
1854 6
1855 2
1856 3
1857 1
1858 1
1859 1
1860 4
1861 6
1862 1
1863 3
1864 4
1865 2
1866 4
1867 4
1868 5
1869 2
1870 6
1871 6
1872 6
1873 2
1874 1
1875 4
1876 2
1877 6
1878 6
1879 5
1880 4
1881 5
1882 4
1883 3
1884 3
1885 4
1886 6
1887 5
1888 5
1889 6
1890 6
1891 3
1892 1
1893 4
1894 4
1895 3
1896 4
1897 3
1898 3
1899 3
1900 6
1901 6
1902 4
1903 5
1904 2
1905 2
1906 6
1907 3
1908 4
1909 4
1910 4
1911 4
1912 4
1913 1
1914 4
1915 4
1916 6
1917 6
1918 6
1919 2
1920 2
1921 3
1922 6
1923 2
1924 4
1925 6
1926 6
1927 4
1928 4
1929 6
1930 4
1931 2
1932 4
1933 5
1934 2
1935 5
1936 5
1937 3
1938 3
1939 4
1940 6
1941 2
1942 2
1943 4
1944 6
1945 6
1946 2
1947 2
1948 3
1949 3
1950 4
1951 3
1952 1
1953 6
1954 6
1955 6
1956 3
1957 2
1958 4
1959 4
1960 6
1961 2
1962 2
1963 2
1964 6
1965 1
1966 2
1967 4
1968 2
1969 3
1970 2
1971 2
1972 2
1973 2
1974 6
1975 2
1976 3
1977 1
1978 2
1979 3
1980 6
1981 1
1982 5
1983 5
1984 4
1985 2
1986 4
1987 4
1988 4
1989 3
1990 4
1991 3
1992 1
1993 1
1994 6
1995 2
1996 2
1997 2
1998 3
1999 3
2000 6
2001 6
2002 6
2003 6
2004 6
2005 6
2006 6
2007 2
2008 6
2009 6
2010 4
2011 4
2012 5
2013 1
2014 2
2015 2
2016 3
2017 3
2018 3
2019 2
2020 2
2021 4
2022 4
2023 6
2024 3
2025 6
2026 2
2027 2
2028 1
2029 1
2030 2
2031 3
2032 6
2033 6
2034 4
2035 3
2036 4
2037 4
2038 5
2039 6
2040 2
2041 4
2042 3
2043 2
2044 3
2045 4
2046 4
2047 4
2048 6
2049 6
2050 6
2051 4
2052 6
2053 4
2054 6
2055 6
2056 6
2057 4
2058 4
2059 4
2060 6
2061 2
2062 6
2063 6
2064 3
2065 3
2066 3
2067 5
2068 3
2069 3
2070 2
2071 6
2072 6
2073 3
2074 4
2075 6
2076 2
2077 2
2078 5
2079 4
2080 6
2081 2
2082 2
2083 1
2084 2
2085 3
2086 5
2087 5
2088 2
2089 5
2090 3
2091 3
2092 6
2093 4
2094 1
2095 6
2096 2
2097 3
2098 6
2099 6
2100 4
2101 4
2102 4
2103 2
2104 3
2105 4
2106 4
2107 4
2108 4
2109 6
2110 6
2111 6
2112 6
2113 6
2114 6
2115 4
2116 2
2117 5
2118 3
2119 4
2120 3
2121 6
2122 6
2123 6
2124 6
2125 4
2126 6
2127 6
2128 3
2129 1
2130 2
2131 2
2132 2
2133 2
2134 5
2135 2
2136 4
2137 5
2138 4
2139 4
2140 4
2141 2
2142 1
2143 1
2144 1
2145 6
2146 3
2147 5
2148 6
2149 3
2150 3
2151 6
2152 3
2153 4
2154 3
2155 4
2156 2
2157 3
2158 5
2159 2
2160 2
2161 3
2162 3
2163 4
2164 4
2165 4
2166 4
2167 4
2168 4
2169 4
2170 2
2171 2
2172 2
2173 2
2174 2
2175 6
2176 2
2177 2
2178 1
2179 5
2180 4
2181 3
2182 1
2183 2
2184 4
2185 5
2186 1
2187 5
2188 3
2189 3
2190 6
2191 1
2192 2
2193 4
2194 2
2195 2
2196 1
2197 1
2198 1
2199 2
2200 5
2201 4
2202 2
2203 4
2204 2
2205 4
2206 4
2207 2
2208 5
2209 2
2210 2
2211 2
2212 4
2213 4
2214 3
2215 2
2216 4
2217 4
2218 4
2219 5
2220 4
2221 4
2222 4
2223 4
2224 3
2225 2
2226 5
2227 2
2228 4
2229 5
2230 2
2231 4
2232 5
2233 1
2234 4
2235 4
2236 4
2237 2
2238 3
2239 5
2240 3
2241 2
2242 3
2243 6
2244 4
2245 4
2246 3
2247 2
2248 4
2249 1
2250 2
2251 4
2252 4
2253 4
2254 6
2255 6
2256 4
2257 4
2258 4
2259 3
2260 6
2261 4
2262 6
2263 4
2264 4
2265 2
2266 3
2267 2
2268 2
2269 2
2270 4
2271 4
2272 1
2273 6
2274 2
2275 2
2276 4
2277 2
2278 4
2279 6
2280 4
2281 1
2282 5
2283 4
2284 1
2285 5
2286 4
2287 6
2288 5
2289 2
2290 5
2291 4
2292 6
2293 3
2294 3
2295 4
2296 6
2297 2
2298 3
2299 4
2300 3
2301 2
2302 1
2303 2
2304 4
2305 4
2306 4
2307 4
2308 2
2309 4
2310 4
2311 2
2312 5
2313 2
2314 4
2315 2
2316 3
2317 1
2318 1
2319 4
2320 2
2321 6
2322 2
2323 4
2324 2
2325 4
2326 2
2327 2
2328 3
2329 2
2330 3
2331 1
2332 4
2333 4
2334 5
2335 4
2336 6
2337 6
2338 6
2339 4
2340 3
2341 5
2342 3
2343 4
2344 4
2345 1
2346 6
2347 6
2348 5
2349 4
2350 4
2351 5
2352 4
2353 1
2354 5
2355 3
2356 4
2357 5
2358 6
2359 3
2360 5
2361 3
2362 2
2363 3
2364 3
2365 1
2366 2
2367 2
2368 6
2369 6
2370 2
2371 4
2372 4
2373 3
2374 2
2375 2
2376 6
2377 4
2378 2
2379 5
2380 2
2381 6
2382 6
2383 5
2384 3
2385 3
2386 5
2387 6
2388 4
2389 2
2390 4
2391 5
2392 2
2393 6
2394 2
2395 1
2396 6
2397 2
2398 6
2399 3
2400 3
2401 3
2402 6
2403 3
2404 2
2405 6
2406 3
2407 4
2408 3
2409 4
2410 1
2411 6
2412 6
2413 6
2414 6
2415 4
2416 2
2417 4
2418 6
2419 2
2420 2
2421 5
2422 4
2423 4
2424 6
2425 6
2426 6
2427 3
2428 6
2429 5
2430 1
2431 2
2432 6
2433 2
2434 5
2435 5
2436 6
2437 2
2438 5
2439 6
2440 6
2441 5
2442 3
2443 5
2444 5
2445 5
2446 3
2447 4
2448 1
2449 5
2450 3
2451 4
2452 6
2453 3
2454 5
2455 5
2456 4
2457 2
2458 6
2459 2
2460 3
2461 6
2462 1
2463 3
2464 3
2465 5
2466 3
2467 2
2468 2
2469 5
2470 2
2471 1
2472 6
2473 3
2474 4
2475 6
2476 4
2477 2
2478 4
2479 1
2480 3
2481 2
2482 3
2483 4
2484 5
2485 4
2486 4
2487 5
2488 2
2489 4
2490 4
2491 4
2492 2
2493 3
2494 2
2495 2
2496 3
2497 2
2498 1
2499 1
2500 4
2501 1
2502 3
2503 4
2504 1
2505 4
2506 2
2507 3
2508 2
2509 3
2510 4
2511 4
2512 2
2513 3
2514 3
2515 6
2516 1
2517 1
2518 6
2519 6
2520 4
2521 3
2522 4
2523 4
2524 1
2525 3
2526 3
2527 2
2528 3
2529 4
2530 4
2531 5
2532 5
2533 5
2534 4
2535 4
2536 4
2537 6
2538 4
2539 1
2540 5
2541 3
2542 3
2543 5
2544 5
2545 1
2546 1
2547 4
2548 3
2549 6
2550 6
2551 1
2552 4
2553 6
2554 5
2555 6
2556 4
2557 4
2558 3
2559 6
2560 2
2561 4
2562 1
2563 1
2564 3
2565 1
2566 4
2567 4
2568 1
2569 6
2570 3
2571 3
2572 4
2573 6
2574 3
2575 5
2576 6
2577 3
2578 4
2579 4
2580 4
2581 2
2582 4
2583 4
2584 4
2585 4
2586 4
2587 4
2588 3
2589 4
2590 4
2591 1
2592 6
2593 2
2594 4
2595 4
2596 4
2597 3
2598 4
2599 2
2600 2
2601 4
2602 4
2603 4
2604 2
2605 5
2606 5
2607 2
2608 5
2609 4
2610 6
2611 4
2612 4
2613 1
2614 5
2615 5
2616 5
2617 5
2618 5
2619 5
2620 4
2621 4
2622 1
2623 2
2624 4
2625 4
2626 4
2627 6
2628 2
2629 2
2630 6
2631 2
2632 4
2633 3
2634 3
2635 1
2636 1
2637 1
2638 3
2639 2
2640 2
2641 1
2642 4
2643 2
2644 2
2645 2
2646 5
2647 2
2648 5
2649 4
2650 4
2651 1
2652 4
2653 1
2654 4
2655 2
2656 2
2657 4
2658 4
2659 4
2660 4
2661 4
2662 5
2663 3
2664 6
2665 4
2666 5
2667 2
2668 3
2669 2
2670 3
2671 6
2672 4
2673 4
2674 4
2675 2
2676 3
2677 3
2678 6
2679 3
2680 2
2681 4
2682 2
2683 2
2684 5
2685 2
2686 3
2687 4
2688 4
2689 4
2690 2
2691 2
2692 2
2693 3
2694 3
2695 2
2696 4
2697 1
2698 5
2699 5
2700 4
2701 4
2702 2
2703 5
2704 4
2705 5
2706 3
2707 6
2708 2
2709 4
2710 4
2711 2
2712 4
2713 1
2714 4
2715 6
2716 5
2717 5
2718 6
2719 6
2720 3
2721 5
2722 4
2723 1
2724 4
2725 1
2726 4
2727 5
2728 2
2729 4
2730 6
2731 1
2732 3
2733 4
2734 5
2735 6
2736 4
2737 4
2738 3
2739 6
2740 3
2741 6
2742 4
2743 2
2744 3
2745 3
2746 3
2747 6
2748 6
2749 4
2750 6
2751 2
2752 6
2753 6
2754 6
2755 6
2756 6
2757 1
2758 4
2759 4
2760 4
2761 2
2762 2
2763 3
2764 2
2765 4
2766 1
2767 3
2768 2
2769 2
2770 5
2771 5
2772 4
2773 3
2774 3
2775 6
2776 6
2777 2
2778 3
2779 3
2780 3
2781 2
2782 1
2783 3
2784 6
2785 6
2786 5
2787 2
2788 2
2789 4
2790 5
2791 3
2792 2
2793 3
2794 2
2795 3
2796 6
2797 1
2798 6
2799 2
2800 6
2801 6
2802 2
2803 4
2804 2
2805 1
2806 1
2807 1
2808 5
2809 3
2810 3
2811 1
2812 3
2813 5
2814 3
2815 3
2816 5
2817 3
2818 4
2819 4
2820 6
2821 4
2822 5
2823 6
2824 6
2825 1
2826 6
2827 6
2828 6
2829 6
2830 4
2831 4
2832 4
2833 3
2834 6
2835 2
2836 6
2837 6
2838 6
2839 5
2840 5
2841 2
2842 2
2843 1
2844 2
2845 3
2846 6
2847 2
2848 2
2849 2
2850 5
2851 5
2852 4
2853 4
2854 3
2855 1
2856 1
2857 6
2858 3
2859 6
2860 6
2861 4
2862 6
2863 6
2864 6
2865 3
2866 2
2867 2
2868 3
2869 5
2870 6
2871 3
2872 3
2873 6
2874 3
2875 2
2876 3
2877 4
2878 4
2879 1
2880 3
2881 3
2882 6
2883 5
2884 5
2885 6
2886 6
2887 6
2888 6
2889 6
2890 3
2891 4
2892 3
2893 3
2894 1
2895 6
2896 5
2897 6
2898 2
2899 4
2900 4
2901 4
2902 3
2903 3
2904 2
2905 4
2906 5
2907 3
2908 5
2909 5
2910 4
2911 4
2912 4
2913 4
2914 3
2915 2
2916 6
2917 2
2918 3
2919 2
2920 5
2921 5
2922 2
2923 2
2924 2
2925 1
2926 3
2927 2
2928 1
2929 1
2930 1
2931 2
2932 6
2933 6
2934 2
2935 4
2936 5
2937 4
2938 4
2939 4
2940 2
2941 2
2942 2
2943 4
2944 3
2945 3
2946 4
2947 3
2948 4
2949 4
2950 2
2951 4
2952 4
2953 2
2954 4
2955 4
2956 2
2957 4
2958 4
2959 4
2960 2
2961 6
2962 1
2963 6
2964 4
2965 6
2966 6
2967 3
2968 6
2969 1
2970 4
2971 4
2972 1
2973 1
2974 4
2975 2
2976 3
2977 6
2978 2
2979 2
2980 2
2981 6
2982 6
2983 3
2984 5
2985 5
2986 5
2987 5
2988 2
2989 1
2990 4
2991 1
2992 4
2993 2
2994 1
2995 4
2996 5
2997 1
2998 1
2999 6
3000 3
3001 4
3002 1
3003 5
3004 6
3005 6
3006 6
3007 2
3008 3
3009 3
3010 6
3011 6
3012 3
3013 5
3014 3
3015 3
3016 1
3017 3
3018 4
3019 2
3020 5
3021 4
3022 3
3023 3
3024 4
3025 1
3026 4
3027 4
3028 3
3029 2
3030 4
3031 6
3032 6
3033 5
3034 3
3035 3
3036 1
3037 4
3038 6
3039 6
3040 2
3041 2
3042 6
3043 1
3044 4
3045 6
3046 4
3047 6
3048 5
3049 5
3050 5
3051 4
3052 4
3053 4
3054 4
3055 6
3056 6
3057 5
3058 3
3059 6
3060 1
3061 1
3062 1
3063 1
3064 2
3065 1
3066 1
3067 2
3068 4
3069 4
3070 6
3071 2
3072 2
3073 6
3074 2
3075 5
3076 1
3077 4
3078 3
3079 4
3080 4
3081 6
3082 6
3083 6
3084 6
3085 2
3086 4
3087 1
3088 2
3089 4
3090 2
3091 4
3092 2
3093 2
3094 6
3095 6
3096 5
3097 6
3098 2
3099 2
3100 6
3101 6
3102 6
3103 2
3104 5
3105 1
3106 6
3107 5
3108 2
3109 2
3110 6
3111 1
3112 1
3113 1
3114 5
3115 3
3116 3
3117 1
3118 6
3119 6
3120 6
3121 3
3122 3
3123 6
3124 5
3125 2
3126 5
3127 6
3128 2
3129 3
3130 6
3131 6
3132 4
3133 6
3134 6
3135 3
3136 4
3137 4
3138 6
3139 1
3140 4
3141 4
3142 1
3143 4
3144 4
3145 3
3146 5
3147 5
3148 5
3149 5
3150 5
3151 5
3152 6
3153 3
3154 2
3155 5
3156 4
3157 1
3158 2
3159 4
3160 4
3161 4
3162 3
3163 2
3164 1
3165 2
3166 2
3167 5
3168 5
3169 3
3170 5
3171 4
3172 3
3173 4
3174 3
3175 4
3176 4
3177 6
3178 6
3179 4
3180 5
3181 3
3182 6
3183 4
3184 1
3185 5
3186 6
3187 3
3188 2
3189 2
3190 3
3191 3
3192 4
3193 3
3194 4
3195 4
3196 2
3197 2
3198 1
3199 2
3200 4
3201 4
3202 5
3203 5
3204 2
3205 2
3206 5
3207 4
3208 3
3209 6
3210 4
3211 2
3212 1
3213 2
3214 2
3215 4
3216 2
3217 3
3218 2
3219 6
3220 2
3221 2
3222 5
3223 4
3224 3
3225 6
3226 6
3227 6
3228 4
3229 2
3230 2
3231 4
3232 5
3233 5
3234 1
3235 2
3236 3
3237 4
3238 4
3239 4
3240 5
3241 1
3242 1
3243 6
3244 2
3245 2
3246 2
3247 4
3248 3
3249 6
3250 2
3251 2
3252 3
3253 2
3254 2
3255 3
3256 1
3257 6
3258 4
3259 6
3260 4
3261 4
3262 5
3263 4
3264 4
3265 6
3266 1
3267 4
3268 4
3269 5
3270 2
3271 2
3272 4
3273 2
3274 2
3275 1
3276 3
3277 5
3278 4
3279 4
3280 3
3281 5
3282 3
3283 2
3284 2
3285 1
3286 2
3287 4
3288 2
3289 3
3290 5
3291 2
3292 4
3293 4
3294 2
3295 5
3296 5
3297 2
3298 2
3299 4
3300 3
3301 3
3302 4
3303 3
3304 2
3305 4
3306 2
3307 4
3308 2
3309 3
3310 4
3311 2
